1
1
36
1.167437 -0.047254 0.016616 -0.000493 -0.013588 -0.011115 -0.019710 -0.013350 -0.025638 0.009722 0.013188 -0.074038 -0.020308 -0.024230 -0.018122 -0.077753 0.033802 0.026802 0.029655 -0.019400 0.024668 0.010751 -0.000606 0.003673 0.017962 -0.002075 0.004322 0.032081 -0.055248 -0.046593 -0.007631 0.000661 0.076909 -0.041286 -0.115650 0.078766 
-0.229017 1.062024 0.078484 0.002584 0.001980 0.031052 0.028980 0.027462 0.005776 0.022200 0.044657 -0.012142 -0.040031 -0.005783 -0.011500 -0.103313 -0.051429 -0.033942 0.032241 -0.014356 -0.026331 -0.001711 -0.001596 0.072620 -0.002056 0.026141 -0.022883 -0.033665 -0.081893 0.002290 -0.005126 -0.016663 -0.045662 -0.008770 -0.006281 0.033763 
0.115755 0.207125 1.179680 -0.032326 -0.112723 0.030053 0.127077 0.041683 -0.092490 -0.002029 0.150571 -0.222351 0.007302 0.002513 0.040988 -0.317302 0.074060 0.029667 0.048599 0.091031 0.020305 0.141290 -0.013467 0.042403 -0.036461 -0.053437 0.070610 -0.102846 0.158079 -0.011417 -0.069974 0.044069 -0.066044 -0.128200 -0.457741 0.244929 
-0.009628 -0.007631 0.002654 0.958586 0.013650 0.059560 -0.003671 0.030123 0.007656 -0.003807 -0.135587 -0.030346 -0.032544 0.048523 0.056764 0.000216 -0.042118 0.001086 -0.012065 -0.009133 0.004664 0.002089 -0.041467 0.044118 -0.027251 0.000380 -0.000402 -0.014833 -0.000517 -0.072628 -0.008252 -0.055162 0.036764 0.019016 -0.006472 0.005592 
0.156414 -0.097398 -0.190416 0.014557 1.067355 -0.009725 0.213995 0.031598 -0.057228 0.048361 0.030283 0.204195 0.054081 -0.040133 -0.061300 -0.002010 0.012669 0.067217 -0.081145 -0.031154 -0.069194 0.062463 -0.097754 -0.030001 -0.044471 -0.050740 0.050690 0.095017 0.004919 -0.065365 0.037233 -0.075356 0.221360 0.097701 0.121181 -0.333115 
-0.022410 0.009812 0.022423 0.000468 0.024736 0.815800 -0.015712 -0.019549 0.016721 -0.040710 -0.042335 -0.005775 -0.005322 -0.008519 0.010440 0.010603 -0.108847 -0.002767 0.011869 -0.023582 -0.022730 0.021149 -0.039772 0.033476 0.001649 0.100089 0.039337 -0.022846 0.007761 -0.020484 -0.000187 -0.032628 0.014642 -0.020709 0.033968 0.034042 
-0.272743 -0.094103 0.350022 0.095970 0.042892 -0.036766 1.177361 0.060242 -0.092966 0.033009 0.071079 -0.015358 -0.021379 0.078411 0.033378 -0.253031 -0.103574 0.254396 0.113475 -0.004340 0.127146 -0.107381 -0.135804 -0.061608 0.016039 -0.052304 0.064004 -0.062892 0.058963 0.003340 -0.105603 -0.089394 -0.186063 -0.119358 0.461048 0.002158 
-0.015802 0.047997 -0.028874 -0.072911 0.042417 -0.051305 -0.057517 0.963692 -0.007240 -0.002252 0.016119 0.026086 0.022880 0.056640 0.033997 0.065515 0.137943 -0.016808 -0.010731 -0.003184 -0.022246 -0.015763 0.140721 -0.082209 -0.025607 -0.025897 -0.015336 0.030876 -0.024896 0.133263 -0.025066 -0.031032 -0.067539 -0.038228 0.179787 -0.003314 
-0.029655 0.004198 -0.015656 -0.004789 -0.031998 0.147800 0.010728 -0.029132 0.816378 -0.047761 0.010931 0.024611 0.044825 0.035922 -0.027094 -0.018790 -0.018338 0.001541 -0.029736 -0.062621 0.038398 0.002086 0.181012 -0.020514 0.014534 -0.108067 -0.012637 0.050810 -0.028248 0.046088 -0.022098 -0.004380 -0.067185 -0.035966 0.052911 0.007358 
-0.021151 -0.037510 0.004455 -0.072597 -0.028372 -0.090278 0.066281 0.025655 -0.023772 0.917966 0.136298 0.016765 0.027739 0.027812 -0.041723 0.023364 -0.049725 0.012706 0.012972 -0.013912 0.006844 0.022333 0.017322 0.017528 0.073370 0.001045 -0.081299 0.047399 0.008754 -0.048323 -0.057492 0.076429 -0.041217 0.015837 -0.015223 -0.065629 
0.006874 0.023341 0.007506 -0.036857 0.010857 -0.032082 -0.009487 0.027938 0.005946 0.011909 0.740914 0.002931 -0.004912 -0.011787 0.013736 0.009174 0.000051 0.003009 0.051326 0.014031 0.000396 -0.008763 -0.025430 -0.022994 0.018281 -0.025677 0.000279 0.015718 -0.018657 0.034926 0.029597 -0.002856 0.044025 0.030424 -0.000218 -0.016815 
-0.085356 -0.194147 0.017879 0.093234 -0.024535 0.053816 -0.195247 0.001118 0.041647 -0.007536 -0.108853 1.031488 -0.070315 -0.080144 -0.014256 -0.051761 -0.040913 0.082625 0.082770 0.005015 0.013986 -0.061305 0.026408 -0.056841 0.031035 -0.067392 -0.007649 -0.060298 0.002203 0.041713 0.055564 0.028850 0.022495 0.065063 0.281978 -0.024015 
-0.271160 0.051121 -0.034803 -0.032017 0.074597 0.028678 0.029014 0.009549 -0.029154 -0.011868 0.085097 0.058049 1.039199 0.020937 -0.009513 -0.055393 0.013718 0.035793 -0.020404 -0.031658 0.005954 -0.032036 -0.060439 -0.007192 0.048179 0.032980 0.011302 0.075559 -0.036153 0.001036 0.016000 0.014961 0.035555 0.025407 -0.066615 0.041917 
-0.022060 0.048975 -0.007165 -0.052057 -0.008044 -0.121863 0.036644 -0.051573 0.007597 -0.029537 -0.038502 0.021828 0.018953 0.802503 -0.042169 0.002184 0.057541 0.004777 -0.029363 0.009104 -0.016565 0.000351 -0.056572 -0.013154 0.006697 -0.024903 -0.032268 0.003675 0.003866 -0.001404 0.007135 0.001245 -0.034042 0.043697 -0.108142 0.048987 
-0.084775 0.028120 0.005378 -0.016368 0.003605 -0.071715 -0.037915 -0.019595 -0.016460 0.018653 0.156828 -0.030621 0.004645 0.009708 1.010084 0.034030 0.053918 0.035743 0.011306 -0.021717 -0.006774 -0.019637 -0.012451 0.021124 0.029482 0.010123 0.023017 0.021803 0.017830 0.014451 0.026141 -0.037483 0.010628 0.038663 -0.096984 0.019341 
-0.033545 -0.048990 -0.102507 0.027115 0.026224 -0.049795 0.017562 -0.023860 0.030261 -0.013614 -0.075136 0.125009 0.052024 -0.057652 0.031252 0.931527 0.051201 0.018160 -0.066661 -0.000165 -0.014996 0.135420 0.061517 0.006079 -0.025735 -0.041556 -0.043698 -0.115170 -0.083446 0.047818 -0.016103 0.066258 0.100574 -0.020091 0.024379 -0.114463 
0.027817 -0.053052 -0.027251 -0.100015 -0.004972 -0.090270 -0.016493 0.007853 0.029073 -0.006413 0.108934 0.017029 -0.022165 -0.010362 -0.020096 0.052141 0.982598 0.005319 -0.046196 -0.011199 0.044255 0.016131 -0.010680 0.029622 0.010721 0.088904 0.007408 -0.036141 0.023257 -0.157634 -0.013009 0.025809 -0.063295 -0.099198 0.047282 0.048815 
-0.198111 -0.067628 -0.012577 -0.003079 -0.037139 -0.070625 -0.100782 -0.020265 -0.012929 0.013906 0.094370 -0.079936 0.014662 0.084099 0.011957 -0.129601 -0.011994 0.944799 0.043965 0.006542 0.034207 0.008815 0.174166 0.001297 0.086381 0.017689 0.075230 0.001310 0.055270 0.030600 0.018452 0.029363 0.105381 0.102797 -0.250196 0.001358 
0.043054 0.021312 0.075167 -0.039165 -0.028180 -0.049412 0.008601 0.010901 0.069206 -0.019904 0.058476 -0.008276 0.001135 -0.039464 -0.016394 -0.015598 -0.142321 0.015195 0.870010 -0.003213 0.007229 0.020186 -0.034107 0.003304 -0.025097 0.059489 -0.042882 0.007262 -0.003631 -0.015988 -0.003917 0.088335 0.095508 0.048819 -0.049961 0.102258 
-0.110565 0.039704 0.057669 -0.010345 0.013965 0.034308 -0.028953 0.017014 0.055975 0.010803 -0.092543 -0.039977 -0.001007 0.051081 -0.040479 0.009378 -0.084679 -0.021661 -0.009207 1.003861 0.006264 -0.028725 -0.064656 0.137352 0.019472 0.118249 0.053638 -0.071707 -0.035665 -0.052618 -0.021700 -0.066866 -0.101490 0.166686 -0.178294 0.005498 
-0.028895 -0.009709 0.058440 0.079876 0.011545 -0.019904 0.006674 0.035242 0.036363 0.044511 -0.006678 -0.006970 0.021058 0.071224 0.052501 -0.028045 0.000427 0.063892 0.002627 0.021932 0.846905 -0.007762 -0.090531 -0.064187 -0.089892 0.007247 -0.045611 0.056358 -0.009634 -0.051577 0.029439 0.088040 0.178579 -0.026104 -0.001977 -0.031990 
0.141089 -0.035210 -0.184014 0.007299 0.096895 -0.029584 -0.045043 -0.000799 -0.010883 -0.042136 -0.029040 0.001839 0.114824 -0.005324 -0.025538 -0.016680 -0.008287 -0.007990 -0.072198 -0.027978 -0.007969 0.938383 0.007455 -0.004984 0.092167 -0.057991 0.058478 0.188654 0.049105 0.005439 -0.024977 -0.027211 0.045330 0.056315 0.204894 -0.118813 
-0.000573 0.007750 -0.008170 0.085099 -0.027681 -0.143846 0.006077 -0.156134 -0.091122 0.015163 0.058430 -0.012933 -0.039123 -0.181749 -0.066069 -0.021272 0.040071 -0.026647 -0.047306 0.051871 -0.050622 0.006182 0.900352 -0.006249 0.064701 -0.061136 0.021820 -0.053323 0.015434 0.004404 -0.072619 -0.014923 -0.049200 -0.037729 0.053515 0.181297 
0.007486 -0.006475 0.023462 -0.048914 0.016008 -0.066001 0.024170 -0.061829 -0.063728 0.003636 -0.017649 0.021321 0.025318 -0.000702 -0.114981 0.046621 0.005742 0.028969 0.014779 -0.003093 -0.111820 -0.000729 -0.016734 0.883431 -0.028324 -0.127160 0.011969 0.032108 -0.006059 0.007990 0.056956 0.021484 0.048077 0.063567 -0.025948 -0.054650 
0.000402 -0.031918 -0.012404 -0.062461 -0.015247 0.049611 0.002264 0.056533 -0.002095 0.055694 0.154014 0.015135 0.017894 -0.088365 -0.046076 -0.006453 0.058746 -0.013180 0.076572 -0.044841 0.032795 -0.001401 0.147192 -0.050429 1.053458 0.002143 0.000658 0.039873 -0.009365 -0.021973 0.004266 -0.010286 0.057344 0.028411 -0.080589 0.002273 
-0.003043 0.057329 -0.019228 0.040972 -0.020341 0.045446 -0.012572 0.106178 -0.016061 0.018839 -0.065138 -0.007630 0.018125 -0.088356 0.005145 0.010331 0.026867 -0.011332 -0.008757 -0.014968 -0.007338 -0.076299 -0.245529 0.111044 -0.006475 0.898617 0.013802 0.020341 0.010387 0.049869 0.008336 0.080519 -0.009311 0.072535 0.041299 -0.041549 
-0.096476 -0.035399 0.026921 -0.028731 -0.044026 0.023794 -0.016539 -0.052766 0.009860 0.026545 -0.133251 -0.064083 -0.003416 0.053229 0.071660 -0.020163 -0.035633 0.002054 -0.070998 0.004908 0.013602 0.074747 0.120931 0.049918 0.017195 -0.042874 1.032129 0.087088 0.029572 -0.047061 -0.000598 -0.068800 0.161113 -0.024738 -0.180736 0.162001 
-0.195183 -0.079682 0.039386 -0.030949 -0.053134 0.019311 -0.005383 -0.038034 0.115521 0.001916 0.064832 0.013698 -0.041957 -0.001192 -0.035631 0.060005 0.011722 0.067971 -0.058830 0.072146 0.018314 0.116530 -0.069252 0.039562 -0.027553 0.025579 0.080615 1.040293 -0.087131 0.001956 0.006511 0.117504 -0.090347 0.093162 -0.245764 0.057390 
0.008369 -0.013176 0.033986 0.020795 0.042446 0.039044 -0.045185 0.022867 -0.017661 -0.005586 -0.031411 0.133726 -0.000365 -0.001464 -0.003529 -0.008692 0.052269 0.023380 0.015636 -0.007800 -0.036753 0.075721 -0.018680 -0.051206 0.003687 -0.025547 0.003478 0.004374 0.743481 -0.023334 0.014670 -0.011360 -0.062288 -0.062433 -0.143314 0.022138 
-0.011106 -0.012289 -0.043856 -0.015912 0.012678 0.166794 -0.012868 -0.005875 -0.026292 0.030690 0.109193 0.067406 0.017536 -0.170673 0.021221 0.002715 0.035015 -0.003450 0.006896 -0.006306 0.037072 -0.034744 -0.111804 0.035718 -0.012558 -0.013002 -0.001523 0.023893 -0.055326 1.139675 -0.009993 -0.005620 -0.070377 0.017736 0.013955 -0.060806 
0.004709 0.005409 -0.027714 -0.009307 -0.024536 0.329815 -0.032757 -0.042567 0.003663 0.044064 -0.071819 -0.037524 -0.001696 -0.012406 -0.015890 -0.076866 0.034419 -0.006129 0.025251 -0.008530 -0.020110 0.022647 -0.115947 0.032939 -0.071682 -0.053108 0.029543 -0.033341 0.022000 -0.001054 1.084780 -0.000402 -0.037286 0.073504 0.040396 0.116248 
0.050637 -0.000506 0.030915 0.195947 0.003847 0.030432 -0.041974 0.102625 0.009673 0.029762 0.270192 0.027191 0.074774 0.257187 0.020286 0.083707 0.131903 -0.050671 -0.189641 -0.064315 -0.030081 -0.017374 0.119454 0.004312 0.053096 0.039274 0.007711 -0.009115 -0.051912 0.044873 -0.095852 0.876239 -0.067621 -0.127365 0.251830 0.123759 
-0.019044 -0.036746 -0.054060 0.003724 0.028459 -0.050954 -0.052446 0.012713 -0.002482 0.020972 -0.053738 0.015493 -0.032135 -0.083486 0.000955 0.029700 0.039804 -0.008801 -0.006068 0.018214 0.001053 -0.044257 0.087882 -0.003388 0.009388 -0.036411 -0.025153 0.005231 -0.051103 0.049366 -0.000423 0.090716 0.867862 -0.011471 0.063949 0.015488 
-0.003211 -0.020586 -0.002951 -0.097282 0.006467 0.042216 -0.008568 -0.007807 -0.023147 -0.024145 0.064821 0.019967 0.007100 0.082981 0.009892 -0.014604 -0.027604 0.013017 0.070353 -0.000522 0.044598 0.020806 0.014862 -0.025136 -0.007088 -0.002372 -0.016999 0.027482 -0.013505 0.015405 -0.027979 0.012721 0.080902 0.721368 -0.126481 0.027945 
0.102134 0.220796 0.085101 -0.177862 0.007939 0.022901 0.278568 -0.028583 -0.009960 0.012454 -0.352873 -0.030778 0.017638 -0.025644 -0.085687 -0.000189 -0.113251 0.117920 -0.015631 -0.061776 0.001066 0.052412 0.031558 -0.004829 -0.038084 0.100721 -0.026080 0.089227 0.090168 0.013631 -0.085695 0.028696 -0.031332 -0.109732 0.616327 -0.002911 
-0.002962 -0.031879 0.020698 0.036771 -0.006371 0.087621 -0.035588 -0.003634 0.038156 0.030716 -0.006132 -0.027221 0.016562 0.040009 -0.002089 0.018926 0.029166 -0.011676 -0.044051 -0.012778 0.018795 -0.004419 -0.012651 -0.009189 0.035451 0.032135 0.013422 0.000182 -0.032972 0.000119 0.018765 0.096943 0.096344 -0.058117 -0.017511 0.696443 
6.594519 -0.397806 -0.435622 0.027998 1.165118 -0.648752 -1.106190 0.240128 -0.261252 -0.263802 0.396695 -1.600502 -3.234690 -0.146247 -1.429948 0.402574 -0.745866 -1.422233 0.044255 -0.724810 -0.038417 -0.071863 0.308098 -0.059485 -0.425161 -0.005185 -1.007196 -0.689327 -0.019319 0.133587 -0.128960 0.335199 -0.226408 -0.135186 1.072681 0.058984 
1.0 1.0 1.0 1.0 1.0 1.0 1.0 1.0 1.0 1.0 1.0 1.0 1.0 1.0 1.0 1.0 1.0 1.0 1.0 1.0 1.0 1.0 1.0 1.0 1.0 1.0 1.0 1.0 1.0 1.0 1.0 1.0 1.0 1.0 1.0 1.0 
